Evidence Aggregator Few Shot Example Generator is running with the following parameters:
- truth_file: data/v1/papers_train_v1.tsv
- json_file_name: data/v1/train_set_genes_pmids_titles_abstracts.json
- pickle_file_name: data/v1/train_set_genes_pmids_titles_abstracts.pkl
- fetch_paper_titles_abstracts: False
- k_means_clusters: 4
- seed: 0
- just_find_negatives: False
- benchmark_file: /home/azureuser/ev-agg-exp/.out/binary_classes_paper_finding_results_2024-04-24/benchmarking_paper_finding_results_train.txt
- outdir: .out/few_shot_examples_2024-05-13_c7614f550eb94d144ff90f9b57292d99b47105d7/

Reading the truth data pickle file:  data/v1/train_set_genes_pmids_titles_abstracts.pkl

Processing truth data file to extract 4 positive examples...
[-0.04127414897084236, 0.007593150716274977, -0.005401603411883116, -0.017644768580794334, -0.000878901977557689, 0.04790498688817024, -0.016506850719451904, 0.003982716705650091, -0.03121550753712654, -0.002260033506900072, 0.015284640714526176, 0.01033258531242609, -0.006472792476415634, -0.009405392222106457, 0.006451719906181097, 0.011891956441104412, 0.010248295031487942, -0.010381754487752914, -0.01314928662031889, 0.0019860900938510895, -0.011006907559931278, 0.043353307992219925, 0.006929364986717701, -0.028827281668782234, -0.010171028785407543, 0.02020157501101494, 0.006107534281909466, -0.041583213955163956, -0.002811432583257556, -0.009700408205389977, -0.006251530256122351, -0.0001933847670443356, -0.022758379578590393, -0.00727003812789917, 0.0048993737436831, -0.01090856920927763, -0.004123200196772814, 0.010529262945055962, 0.029248733073472977, -0.004534115549176931, 0.013823608867824078, 0.009419440291821957, -0.006697566714137793, -0.006381477694958448, -0.012657593004405499, -0.008590586483478546, 0.010065666399896145, -0.017068784683942795, -0.006356893107295036, 0.019906558096408844, -0.008506296202540398, 0.008801312185823917, -0.006441183388233185, 0.014694608747959137, -0.008281521499156952, -0.018642203882336617, 0.007097945548593998, 0.0196396391838789, 0.003297857940196991, -0.024345846846699715, -0.010985835455358028, -0.021367590874433517, -0.021536171436309814, 0.01954130083322525, -0.020566832274198532, 0.006623812485486269, -0.001004459336400032, 0.028167007490992546, -0.00863975565880537, 0.008681900799274445, 0.03978502005338669, 0.015102011151611805, -0.017616672441363335, -0.0010325561743229628, 0.010178053751587868, -0.021634509786963463, -0.006012707948684692, 0.008976916782557964, -0.003617458511143923, 0.018881026655435562, 0.020580880343914032, -0.026059750467538834, -0.0031468376982957125, 0.014680559746921062, 0.034390442073345184, 0.005348921753466129, -0.029501603916287422, 0.0012538181617856026, -0.013739318586885929, -0.013338939286768436, 0.018234800547361374, 0.013872778043150902, 0.014146721921861172, 0.012636519968509674, -0.008541416376829147, -0.00189301953651011, 0.006514937616884708, 0.017139026895165443, 0.019330574199557304, -0.013064996339380741, -0.010220198892056942, 0.034896183758974075, -0.00925085972994566, -0.013528592884540558, -0.026115944609045982, -0.013479423709213734, 0.014020286500453949, -0.005261119455099106, 0.013254649005830288, -0.021648557856678963, -0.013992189429700375, 0.03512095659971237, -0.0026147551834583282, 0.00020776240853592753, 0.0307940561324358, -0.014209939166903496, 0.026003556326031685, 0.025933314114809036, -0.011358117684721947, -0.001922872383147478, 0.013809560798108578, 0.032170794904232025, 0.014919382520020008, 0.006729175336658955, 0.006427135318517685, 0.01570609211921692, -0.030850248411297798, -0.009335150010883808, -0.021985718980431557, 0.0004675477393902838, 0.004748353268951178, -0.0031521059572696686, 0.028152959421277046, -0.002189791761338711, -0.04177989065647125, 0.011653133668005466, -0.017546430230140686, -9.005233005154878e-05, -0.01791168749332428, -0.025273039937019348, -0.008190207183361053, 0.03972882777452469, -0.012348528951406479, 0.00807781983166933, -0.015916816890239716, 0.012713786214590073, -0.007909239269793034, 0.026579540222883224, 0.02062302641570568, -0.005665010306984186, -0.0021335980854928493, -0.013107141479849815, 0.033266570419073105, -0.012777004390954971, -0.02355913817882538, 0.01033258531242609, -0.02849012054502964, 0.014469834044575691, -0.030344506725668907, -0.016956398263573647, -0.005513990297913551, 0.025610201060771942, -0.0036666279193013906, 0.0006787125021219254, 0.0391668900847435, 0.02679026685655117, 0.01564989797770977, -0.007055800408124924, 0.011891956441104412, -0.02908015251159668, 0.0011502113193273544, 0.004794010426849127, -0.014322326518595219, 0.012798076495528221, 0.00644469540566206, -0.004091591574251652, -0.012931535951793194, 0.01118953712284565, -0.018290994688868523, -0.00599514739587903, -0.027506733313202858, 0.027127427980303764, 0.029782570898532867, 0.009967328049242496, -0.009580996818840504, -0.013402157463133335, 0.03475569933652878, 0.0035805816296488047, -0.012411746196448803, -0.029726378619670868, -0.008450102061033249, -0.002066868357360363, 0.023699622601270676, -0.012657593004405499, -0.6077892184257507, -0.020538736134767532, 0.008253425359725952, -0.022800525650382042, 0.00924383569508791, 0.028855377808213234, 0.016970446333289146, 0.011891956441104412, -0.03481189161539078, 0.020524688065052032, -0.016001107171177864, 0.028377734124660492, 0.00010997249773936346, -0.011259778402745724, -0.017672864720225334, -0.043353307992219925, -0.019962752237915993, -0.003951107617467642, 0.008766191080212593, 0.01514415629208088, -0.0251466054469347, -0.0003509900707285851, 0.004484946373850107, 0.03174934536218643, 0.014483883045613766, 0.02284266985952854, 0.00923681166023016, 0.0011835762998089194, 0.006079437676817179, 0.02355913817882538, -0.023067444562911987, 0.02576473355293274, -0.014287205412983894, -0.02459871768951416, 0.04852311313152313, -0.030990732833743095, -0.002037015510722995, -0.005506966263055801, 0.006658933591097593, -0.0036244827788323164, -0.003979204222559929, 0.00016089787823148072, 0.02799842692911625, -0.008787263184785843, -0.014891285449266434, 0.03840827941894531, -0.014652463607490063, -0.00668000616133213, -0.007902215234935284, -0.0042145149782299995, 0.011287875473499298, 0.016998542472720146, -0.012706762179732323, -0.02188738062977791, 0.005633401684463024, -0.00983386766165495, 0.016324220225214958, -0.029473507776856422, 0.015242495574057102, -0.00023113979841582477, -0.011625036597251892, 0.021437833085656166, -0.00922978762537241, -0.01789763942360878, 0.01625397987663746, 2.380268051638268e-05, -0.009138473309576511, 0.013008802197873592, 0.00185614253859967, 0.01060652919113636, 0.001323182019405067, 0.027815798297524452, -0.013928971253335476, 0.005278680007904768, 0.02677621692419052, 0.04543247073888779, 0.011119294911623001, -0.005208437796682119, -0.004439288750290871, 0.024430137127637863, -0.017771204933524132, -0.009897085838019848, -0.013978141359984875, 0.015200350433588028, 0.02292696014046669, 0.02739434689283371, -0.026579540222883224, 0.03753728047013283, -0.025975460186600685, -0.011561819352209568, -0.0007735390681773424, 0.02405083179473877, 0.013472398743033409, -0.010199125856161118, -0.00585466343909502, 0.019330574199557304, -0.006911804433912039, 0.007494812365621328, 0.0036982367746531963, -0.007768755778670311, -0.008513320237398148, 0.006114558782428503, 0.00668000616133213, 0.0008064649882726371, 0.011358117684721947, 0.0006260310765355825, -0.0446176640689373, -0.001387277850881219, 0.0333789587020874, -0.018881026655435562, -0.009321101941168308, -0.017223317176103592, -0.015509414486587048, -0.006897755898535252, -0.029951151460409164, -0.033800408244132996, -0.001975553808733821, 0.024219412356615067, -0.01564989797770977, -0.020229671150445938, 0.00895584374666214, 0.007782804314047098, 0.012130778282880783, 0.00477293785661459, 0.017209269106388092, 0.014947479590773582, -0.014090527780354023, -0.019780123606324196, 0.00925085972994566, -0.01033258531242609, -0.0014952747151255608, -0.010409851558506489, 0.027183620259165764, -0.03956024721264839, 0.002672704868018627, -0.0027306543197482824, 0.029782570898532867, 0.021676653996109962, -0.023826057091355324, -0.0038316964637488127, -0.0030116220004856586, -0.009847916662693024, 0.01227126270532608, -0.010782133787870407, -0.007024191319942474, -0.023741766810417175, -0.013219527900218964, -0.008323666639626026, -0.007396473549306393, 0.004653526935726404, 0.0005294484435580671, -0.004751865286380053, -0.00683453818783164, 0.01623992994427681, 0.017082832753658295, -0.02337650954723358, 0.007986505515873432, -0.033856604248285294, -0.007466715294867754, -0.03866114839911461, 0.029192538931965828, 0.008379860781133175, -0.0038633053191006184, -0.003726333612576127, 0.01843147911131382, -0.012601399794220924, -0.0017955589573830366, 0.003347027115523815, -0.0153970280662179, -0.013781463727355003, 0.018052171915769577, -0.014174818061292171, -0.014764850027859211, 0.0139359962195158, -0.014371495693922043, -0.006448207888752222, -0.016492800787091255, -0.009672311134636402, -0.022491460666060448, 0.005415651481598616, 0.00954587571322918, -0.030625473707914352, -0.020004896447062492, 0.0012134290300309658, 0.02294101007282734, 0.018754590302705765, 0.007368376944214106, 0.021381638944149017, 0.0036631159018725157, 0.042201343923807144, -0.01622588187456131, -0.0040564704686403275, -0.012657593004405499, 0.024795396253466606, 0.019274381920695305, -0.001815753523260355, 0.027633169665932655, -0.0083658117800951, -0.0070487759076058865, 0.027534831315279007, 0.025483766570687294, -0.0019983823876827955, 0.026382863521575928, -0.00393354706466198, 0.021494025364518166, -0.03815540671348572, 0.0075158849358558655, -0.002890454838052392, 0.018810784444212914, -0.0012590863043442369, -0.0063639176078140736, 0.01906365528702736, 0.023812009021639824, 0.02523089572787285, -0.007923288270831108, 0.01345132663846016, -0.007326231803745031, -0.008183183148503304, 0.007126042153686285, -0.0031064485665410757, 0.012320431880652905, 0.008541416376829147, 0.003503315383568406, 0.009131449274718761, 0.005837102886289358, 0.00951777957379818, -0.003750918200239539, 0.010873448103666306, 0.006648397073149681, -0.031608860939741135, -0.0035718013532459736, 0.015551559627056122, 0.019780123606324196, 0.01951320469379425, -0.006901267915964127, 0.0013310842914506793, 0.004976639524102211, 0.0035173639189451933, 0.01789763942360878, 0.016366366297006607, 0.0017358532641083002, -0.0011001640232279897, -0.0012546961661428213, -0.03135599195957184, 0.002923819702118635, 0.00545779662206769, 0.01573418825864792, 0.04248230904340744, -0.004126712679862976, 0.016464704647660255, -0.018586009740829468, 0.020285865291953087, -0.0112106092274189, -0.008906674571335316, -0.0010035813320428133, -0.010297464206814766, -0.00502229668200016, 0.019962752237915993, 0.029726378619670868, 0.029445409774780273, 0.016647333279252052, 0.011428359895944595, 0.01287534274160862, 0.0001149113813880831, 0.008983940817415714, 0.015930866822600365, 0.010072690434753895, -0.028658701106905937, 0.015439173206686974, 0.008513320237398148, 0.0008345617679879069, 0.00614265538752079, 0.006483328528702259, -0.02395249344408512, 0.013900875113904476, 0.013416205532848835, 0.010262344032526016, 0.02510445937514305, 0.025385428220033646, 0.013816584832966328, 0.017054736614227295, -0.04318472743034363, 0.022098105400800705, 0.03585147485136986, -0.026368815451860428, 0.0020861849188804626, -0.018220752477645874, 0.019414864480495453, -0.03818350285291672, 0.026579540222883224, 0.007006630767136812, -0.00951075553894043, 0.011561819352209568, -0.01367610041052103, 0.0007818802841939032, -0.011322996579110622, 0.018319090828299522, -0.019457010552287102, 0.027829846367239952, -0.006325284484773874, -0.0055631594732403755, 0.004962591454386711, -0.025834975764155388, -0.029810668900609016, 0.037818245589733124, 0.026087846606969833, -0.016928302124142647, 0.010248295031487942, 0.009433489292860031, -0.021648557856678963, 0.017588574439287186, -0.0013644491555169225, 0.020454445853829384, -0.018586009740829468, -0.01317738275974989, 0.005506966263055801, -0.02802652306854725, 0.0031837148126214743, -0.003378635970875621, -0.0167456716299057, -0.015509414486587048, -0.02402273379266262, -0.0019615055061876774, -0.03124360367655754, 0.004077543038874865, 0.03514905273914337, 0.007143602706491947, -0.018150510266423225, -0.008457126095890999, 0.023207928985357285, 0.005338385701179504, -0.02340460568666458, 0.020510638132691383, 0.0019825780764222145, 0.01786954328417778, -0.01681591384112835, -0.005176829174160957, -0.00954587571322918, 0.014413640834391117, 0.026059750467538834, -0.00020633562235161662, -0.005612329114228487, -0.00433041388168931, 0.003145081689581275, 0.0017016103956848383, -0.001785022672265768, 0.008464151062071323, 0.018726494163274765, 0.014455785974860191, -0.004498994443565607, 0.01623992994427681, 0.04076840728521347, 0.03424995765089989, -0.023587234318256378, -0.024205364286899567, -0.0024321263190358877, -0.010374730452895164, 0.006746735889464617, 0.00020962821145076305, 0.0030116220004856586, 0.009904109872877598, 0.01621183380484581, 0.015523463487625122, 0.007895191200077534, 0.02347484789788723, 0.00406700698658824, 0.02284266985952854, -0.018698398023843765, 0.009791722521185875, 0.00953885167837143, 0.013247624970972538, -0.0014627878554165363, 0.015158205293118954, -0.027534831315279007, 0.018754590302705765, 0.001555858412757516, -0.03177744150161743, -0.02066517062485218, 0.022463364526629448, 0.022505508735775948, -0.026003556326031685, -0.03236747533082962, 0.012636519968509674, -0.007593150716274977, 0.0033083942253142595, -0.03649769723415375, -0.019864413887262344, 0.0016498069744557142, -0.004520067013800144, -0.0013697172980755568, -0.01951320469379425, -0.020356107503175735, -0.0017894128104671836, -0.03172124922275543, 0.006170751992613077, -0.03528953716158867, -0.01729355938732624, 0.006623812485486269, 0.0022898863535374403, 0.01732165552675724, -0.002386468928307295, -0.015102011151611805, 0.030934538692235947, 0.018052171915769577, -0.03172124922275543, -0.020960187539458275, 0.005938953720033169, -0.00784602202475071, 0.004938006401062012, -0.020454445853829384, -0.01089452113956213, -0.02964208833873272, 0.00560530461370945, 0.022814573720097542, 0.0014908845769241452, -0.02684645913541317, 0.0335756354033947, -0.000898657483048737, 0.002135354094207287, 0.008604634553194046, 0.02007513865828514, -0.0029009911231696606, -0.004537627566605806, 0.009728505276143551, 0.013226552866399288, -0.03731250390410423, -0.00515575660392642, -0.019780123606324196, 0.01168825477361679, 0.013907899148762226, 0.010114835575222969, 0.003684188472107053, -0.01893722079694271, -0.0055666714906692505, 0.012411746196448803, 0.011906004510819912, 0.003947595600038767, -0.004295293241739273, 0.02119901031255722, 0.022013815119862556, -0.005215462297201157, 0.0056966193951666355, -0.029389217495918274, -0.024177266284823418, 0.0058687119744718075, -0.002391737187281251, 0.03127169981598854, -0.04127414897084236, -0.01958344504237175, 0.048916470259428024, 0.00805674772709608, -0.0279281847178936, -0.013809560798108578, 0.01782739721238613, -0.028195103630423546, 0.030456893146038055, 0.016563042998313904, -0.026691926643252373, -0.02506231516599655, -0.002404029481112957, -0.03410947322845459, -0.004291780758649111, -0.004263684153556824, -0.01168825477361679, -0.02860250696539879, -0.014596269465982914, 0.0036666279193013906, -0.015312736853957176, -0.0001781291066436097, -0.027267910540103912, -0.006683518178761005, -0.009665287099778652, -0.01423101220279932, 0.005180341191589832, -0.021522123366594315, 0.008464151062071323, -0.0251466054469347, -0.0306535717099905, -0.029248733073472977, -0.01897936500608921, 0.0007937336340546608, -0.009349199011921883, 0.03194602206349373, 0.017602624371647835, 0.0334070548415184, 0.006901267915964127, 0.011603964492678642, 0.03672247380018234, 0.02399463765323162, 0.01847362332046032, 0.004593821242451668, 0.016464704647660255, -0.03649769723415375, 0.012320431880652905, 0.018038123846054077, 0.014202915132045746, 0.02282862178981304, -0.021648557856678963, 0.01484914030879736, -0.0034594142343848944, -0.011821714229881763, -0.013549664989113808, 0.01614159159362316, -0.05627782270312309, -0.02409297600388527, -0.0037579424679279327, -0.004031885880976915, 0.010423899628221989, -0.05436724051833153, -0.017040688544511795, 0.033322762697935104, -0.015804430469870567, 0.009019061923027039, -0.005816030316054821, 0.013008802197873592, -0.03528953716158867, 0.026986943557858467, -0.003420781111344695, 0.009475634433329105, 0.003968668170273304, -0.028251297771930695, 0.007754707243293524, 0.005071466322988272, 0.010669746436178684, -0.001785022672265768, 0.027071233838796616, 0.007006630767136812, -0.012699738144874573, -0.013816584832966328, 0.0070136552676558495, -0.03183363378047943, -0.021915476769208908, -0.03141218423843384, -0.015495366416871548, -0.0010035813320428133, -0.013409181497991085, -0.0026446080300956964, -0.020299913361668587, 0.019906558096408844, 0.010676771402359009, -0.0389702133834362, 0.017743106931447983, 0.006683518178761005, -0.01455412432551384, 0.002260033506900072, 0.013093092478811741, 0.007803876884281635, -0.013057972304522991, 0.02562425099313259, 0.02969828061759472, -0.01317738275974989, -0.03017592616379261, -0.004779962357133627, 0.00808484386652708, 0.00866082776337862, 0.03281702101230621, 0.019976800307631493, -0.006820489652454853, -0.009166569449007511, 0.03408137708902359, 0.0336318276822567, -0.048860274255275726, -0.018108366057276726, 0.019204139709472656, 0.0055315508507192135, 0.012193996459245682, -0.017658816650509834, -0.014905334450304508, -0.009721481241285801, 0.015382979065179825, -0.009075255133211613, 0.017644768580794334, -0.009061207063496113, -0.018796736374497414, -0.021030429750680923, 0.0057036434300243855, -0.021044477820396423, 0.025006121024489403, -0.006300699897110462, -0.010725940577685833, -0.022660041227936745, -0.0016647333977743983, 0.0021090134978294373, -0.006606251932680607, -0.004495482426136732, 0.029782570898532867, -0.012158875353634357, -0.005759837105870247, 0.024303702637553215, 0.004941518884152174, 0.014708656817674637, -0.0196536872535944, -0.012208044528961182, 0.040487438440322876, -0.015790382400155067, -0.005584232043474913, 0.017743106931447983, -0.0055631594732403755, 0.02621428295969963, -0.0011071881745010614, -0.012678665108978748, -0.02687455713748932, -0.011969221755862236, 0.0003738186787813902, 0.010522238910198212, 0.0026744608767330647, -0.016352318227291107, 0.029529700055718422, -0.011308948509395123, -0.024907782673835754, -0.016548994928598404, -0.006339332554489374, 0.023896299302577972, -0.05515395104885101, -0.008527368307113647, -0.00922978762537241, 0.014610318467020988, -0.0065079135820269585, 0.034418538212776184, 3.2102750992635265e-05, -0.008913698606193066, 0.04672492295503616, -0.017588574439287186, 0.019752025604248047, 0.013184407725930214, -0.018305042758584023, -0.04318472743034363, 0.01147752907127142, -0.03256415203213692, -0.005780909676104784, 0.0006962729967199266, 0.00545779662206769, -0.013598834164440632, -0.03169315308332443, -0.003466438502073288, 0.006806441582739353, 0.008899650536477566, -0.0073754009790718555, 0.02011728473007679, 0.00598812336102128, 0.010241270996630192, -0.010824278928339481, -0.03512095659971237, 0.02015942893922329, -0.011828738264739513, -0.005250582937151194, -0.0020949651952832937, 0.0004644746659323573, 0.008850481361150742, -0.03475569933652878, -0.009953279048204422, 0.022519556805491447, -0.0036701399367302656, -0.030344506725668907, 0.02688860520720482, 0.018164558336138725, -0.020482541993260384, -0.008724045939743519, -0.01834718883037567, -0.012727835215628147, -0.019822267815470695, 0.015256543643772602, 0.007473739795386791, -0.00314859370701015, 0.0011993807274848223, 0.021676653996109962, -0.010775109753012657, 0.023741766810417175, -0.012692714110016823, -0.006630836520344019, -0.02125520259141922, -0.015818478539586067, -0.02523089572787285, -0.0037438939325511456, 0.004642990417778492, 0.036048151552677155, 0.0053664823062717915, -0.027281958609819412, -0.013338939286768436, 0.0033083942253142595, -0.04843882471323013, -0.027787702158093452, -0.006816977635025978, 0.019681785255670547, 0.007220868952572346, 0.020918041467666626, -0.0010141176171600819, 0.0052295103669166565, -0.005974074825644493, 0.018122414126992226, -0.015930866822600365, 0.0001751657691784203, 0.017700962722301483, -0.005780909676104784, 0.01199731882661581, 0.002605974907055497, -0.03680676221847534, -0.005074978340417147, 0.019906558096408844, 0.024486331269145012, -0.02683241106569767, 0.019442962482571602, -0.024739202111959457, -0.004541139584034681, -0.011793617159128189, 0.0063779656775295734, -0.0047237686812877655, 0.002746458863839507, 0.011737423948943615, -0.03624482825398445, -0.0009754846105352044, -0.010192101821303368, 0.011063101701438427, -0.004179393872618675, 0.008597610518336296, 0.0008121721330098808, 0.007396473549306393, -0.015537511557340622, -0.024978024885058403, -0.02967018447816372, 0.0011317728785797954, -0.005794957745820284, 0.002857089973986149, 0.028827281668782234, -0.01907770335674286, 0.025455670431256294, 0.021086622029542923, 0.00866082776337862, -0.018866978585720062, -0.019695833325386047, -0.01314928662031889, -0.01727951131761074, 0.005833590868860483, 0.02067921869456768, -0.009911133907735348, -0.0005044247373007238, 0.0035472167655825615, -0.014160769991576672, -0.02681836299598217, 0.010796181857585907, -0.030934538692235947, -0.02014538086950779, -0.0025093923322856426, 0.016661381348967552, -0.017490236088633537, 0.0003433073579799384, 0.008681900799274445, -0.01373229455202818, 0.010262344032526016, -0.013872778043150902, -0.0015093231340870261, -0.006602739915251732, -0.0336599238216877, 0.015888720750808716, -0.0196115430444479, -0.007006630767136812, -0.0030151342507451773, -0.008112940937280655, 0.004414704162627459, 0.010466044768691063, 0.17509904503822327, -0.021494025364518166, -0.01088749710470438, 0.01618373766541481, 0.007831973023712635, 0.002918551443144679, 0.04141463339328766, 0.0007748561329208314, -0.0125803267583251, 0.0083517637103796, 0.010227222926914692, -0.0033944405149668455, -0.003399708541110158, -0.006950437556952238, 0.008260449394583702, -0.033688023686409, -0.03531763330101967, -0.014364471659064293, -0.03568289428949356, -0.015916816890239716, 0.005622865166515112, -0.014273157343268394, 0.0098268436267972, -0.015762286260724068, 0.00584763940423727, -0.01628207601606846, -0.028082717210054398, -0.014933430589735508, 0.024275604635477066, 0.01200434286147356, -0.0335475392639637, -0.003150349948555231, 0.00041684185271151364, -0.01454007625579834, -0.007909239269793034, 0.019288429990410805, 0.0069820461794734, 0.027534831315279007, 0.006557082757353783, 0.00385276903398335, -0.00784602202475071, -0.0038422327488660812, -0.01834718883037567, -0.01792573742568493, -0.015987059101462364, 0.020328009501099586, -0.006750247906893492, -0.025989508256316185, 0.0023039348889142275, 0.008822384290397167, -0.03129979595541954, 0.0050644418224692345, 0.014989624731242657, 0.013802535831928253, 0.00044713367242366076, -0.023671524599194527, 0.009602069854736328, 0.003821160178631544, -0.009019061923027039, 0.012650568969547749, -4.9114463763544336e-05, 0.013050947338342667, -0.01907770335674286, 0.023207928985357285, -0.023755814880132675, 0.04149892181158066, -0.026059750467538834, -0.010754036717116833, 0.022168347612023354, -0.013275722041726112, 0.009840892627835274, -0.04428050294518471, -0.007389449514448643, 0.01616968773305416, -0.01003756932914257, -0.006809953600168228, 0.018586009740829468, 0.023067444562911987, 0.0021757432259619236, 0.02282862178981304, 0.023910347372293472, -0.0279141366481781, -0.002054576063528657, -0.004769425839185715, -0.00299406168051064, -0.0502651147544384, 0.014132672920823097, 0.005352433770895004, -0.03026021644473076, -0.010262344032526016, 0.012847245670855045, -0.014582221396267414, -0.005721203982830048, 0.003331222804263234, 0.02169070392847061, 0.006104022264480591, -0.000973728543613106, -0.016464704647660255, 0.004165345337241888, -0.029220636934041977, -0.021957622841000557, 0.06754462420940399, -0.015312736853957176, 0.013704197481274605, -0.007298134732991457, -0.01120358519256115, -0.005348921753466129, 0.0008051479235291481, 0.007614223286509514, 0.004994200076907873, -0.011814690195024014, -0.02739434689283371, -0.0037719907704740763, 0.0011958685936406255, -0.0009456317638978362, 0.01779930107295513, 0.03169315308332443, -0.028391782194375992, 0.008962868712842464, -0.02336246147751808, 0.011084173806011677, -0.0021019892301410437, -0.01227828674018383, 0.04152701795101166, -0.004797522909939289, -0.01631017215549946, -0.0023074469063431025, -0.018052171915769577, -0.011512650176882744, -0.043802857398986816, 0.0007322719320654869, -0.0038878899067640305, -0.00673268735408783, -0.017686914652585983, 0.0009939230512827635, 0.010466044768691063, 0.0021142815239727497, -0.0020194549579173326, -0.00815508607774973, 0.03194602206349373, 0.02735220082104206, -0.008695948868989944, -0.008316642604768276, -0.0008569513447582722, -0.003708773059770465, -0.012552229687571526, 0.016057301312685013, 0.0019404329359531403, 0.008232352323830128, -0.0167175754904747, 0.004579772707074881, -0.015228446573019028, 0.009257884696125984, 0.008695948868989944, 0.02799842692911625, -0.023643428459763527, -0.028799185529351234, -0.023629380390048027, 0.006139143370091915, -0.019414864480495453, -0.022617897018790245, -0.0016989762661978602, 0.028068669140338898, -0.01148455310612917, 0.00925085972994566, 0.00431636581197381, -0.18038123846054077, 0.01680186577141285, 0.015481318347156048, -0.027843894436955452, 0.024978024885058403, 0.002063356339931488, 0.007972457446157932, 0.0010799694573506713, 0.001362693146802485, 0.006971510127186775, 0.04765211418271065, -0.008527368307113647, -0.018262898549437523, 0.009019061923027039, 0.0012599643087014556, -0.020580880343914032, -0.061363335698843, 0.036610085517168045, 0.013542640954256058, 0.012222093529999256, 0.025511862710118294, -0.024907782673835754, 0.024781348183751106, -0.012109706178307533, -0.001194112584926188, -0.003457658225670457, -0.009433489292860031, 0.01366205234080553, -0.013486447744071484, 0.004123200196772814, -0.015565608628094196, 0.0021019892301410437, 0.03559860214591026, -0.00806377176195383, 0.009321101941168308, -0.001194112584926188, -0.0032205916941165924, -0.0041758818551898, -0.004449825268238783, -0.00047062081284821033, 0.021044477820396423, 0.034362345933914185, 0.0061988490633666515, -0.008091868832707405, -0.04360618069767952, 0.028293443843722343, -0.003989740740507841, -0.023207928985357285, 0.0048853252083063126, 0.008260449394583702, 0.015593704767525196, -0.0075510055758059025, 0.04189227893948555, -0.0011379190254956484, 0.020398251712322235, 0.027253862470388412, 0.003923011012375355, 0.0030397188384085894, -0.03129979595541954, 0.0007572956383228302, -0.002045795787125826, -0.012769980356097221, -0.000614177726674825, -0.004927470348775387, 0.012348528951406479, -0.025399476289749146, -0.03194602206349373, -0.021086622029542923, -0.02354509010910988, 0.007951384410262108, -0.015453221276402473, -0.022224541753530502, -0.0008082209969870746, -0.0334351509809494, 0.058441273868083954, 0.006613276433199644, -0.021985718980431557, 0.019316526129841805, 0.01629612408578396, -0.00393354706466198, -0.03790253773331642, 0.04141463339328766, -0.03146837651729584, -0.0016787817003205419, -0.0031924950890243053, 0.002634071744978428, 0.01781334914267063, 0.011301923543214798, 0.010964762419462204, -0.012798076495528221, 0.009925182908773422, -0.03450282663106918, 0.010775109753012657, -0.018010027706623077, 0.029782570898532867, 0.004347974434494972, -0.007993529550731182, 0.006079437676817179, -0.016548994928598404, -0.005313800647854805, 0.013556689023971558, -0.009658263064920902, -0.0166894793510437, 0.021381638944149017, 0.04065601900219917, 0.008450102061033249, 0.007031215820461512, 0.037143923342227936, 0.06040804460644722, 0.0015980035532265902, -0.009293004870414734, 0.023179830983281136, -0.012503060512244701, 0.04706208407878876, -0.009433489292860031, 0.0334351509809494, -0.026537396013736725, -0.03590766713023186, 0.012257213704288006, 0.008738094009459019, 0.04506721347570419, 0.00036789203295484185, -0.008583561517298222, 0.017124978825449944, -0.00683453818783164, -0.016998542472720146, -0.10654293745756149, -0.0251887496560812, 0.02465491183102131, 0.018305042758584023, -0.010880472138524055, 0.008288545534014702, -0.007333255838602781, 0.010171028785407543, -0.01573418825864792, 0.049956049770116806, -0.0036947247572243214, -0.03281702101230621, 0.0029501602984964848, -0.0010395803255960345, 0.001323182019405067, -0.011407286860048771, -0.0027482148725539446, -0.023067444562911987, -0.02171880006790161, 0.036610085517168045, -0.0040459344163537025, -0.012081609107553959, 0.02178904227912426, -0.025905217975378036, -0.018234800547361374, -0.011927076615393162, -0.04529198631644249, 0.019428914412856102, 0.018150510266423225, 0.005159268621355295, 0.01628207601606846, -0.02849012054502964, 0.02170475199818611, 0.0004605235590133816, -0.05141708254814148, -0.013830632902681828, -0.011660157702863216, -0.031103119254112244, 0.0334913432598114, 0.0030274265445768833, -0.0034980473574250937, 0.0003338686074130237, 0.0067116147838532925, -0.0039054504595696926, -0.009019061923027039, -0.017743106931447983, -0.012474964372813702, 0.010522238910198212, 0.0006607130053453147, -0.01677376963198185, -0.014610318467020988, -0.00804972369223833, -0.022140251472592354, -0.0008516832021996379, 0.008267473429441452, -0.018586009740829468, 0.024289654567837715, 0.014933430589735508, -0.018698398023843765, -0.011365141719579697, -0.006897755898535252, -0.002646364038810134, -0.0016770256916061044, -0.001926384516991675, 0.02799842692911625, -0.005268143489956856, -0.021915476769208908, -0.027015039697289467, 0.025315186008810997, -0.0306816678494215, 0.015790382400155067, 0.016591141000390053, -0.03750918060541153, -0.006936389021575451, -0.019218187779188156, 0.0072068204171955585, -0.03177744150161743, -0.009693384170532227, 0.018600059673190117, -0.04742734134197235, -0.043353307992219925, -0.011042028665542603, 0.017560478299856186, -0.0334070548415184, 0.018543865531682968, 0.02115686424076557, -0.010943690314888954, -0.027015039697289467, 0.004790498409420252, -0.02684645913541317, -0.0012634764425456524, 0.025919266045093536, 0.0194851066917181, -0.0044182161800563335, -0.015481318347156048, 0.0039159865118563175, -0.012390674091875553, 0.00807079579681158, -0.007810900919139385, 0.011435383930802345, -0.04430859908461571, -0.015017720870673656, -0.06456636637449265, 0.01395706832408905, 0.0038808658719062805, 0.0064025502651929855, 0.011730399914085865, -0.007923288270831108, 0.013507519848644733, 0.027675313875079155, 0.006665957625955343, 0.004295293241739273, -0.0034400976728647947, 0.014181842096149921, 0.009166569449007511, 0.004347974434494972, -0.0154110761359334, -0.006627324502915144, 0.02509041130542755, 0.03419376537203789, 0.03790253773331642, 0.020805655047297478, 0.005622865166515112, 0.004980151541531086, -0.009763626381754875, 0.0447300523519516, 0.01896531693637371, -0.004312853328883648, 0.003958131652325392, 0.018909122794866562, -0.005247070919722319, 0.00037008707295171916, 0.014294229447841644, -0.042847566306591034, -0.005601792596280575, 0.004397143609821796, 0.013226552866399288, -0.013043923303484917, 0.005938953720033169, 0.01726546324789524, 0.013928971253335476, 0.0389421172440052, -0.01840338110923767, -0.009285980835556984, 0.013107141479849815, 0.008119964972138405, 0.0013741074362769723, 0.010936666280031204, -0.04678111523389816, 0.006651909090578556, 0.02400868572294712, -0.004263684153556824, 0.0009508999064564705, -0.004123200196772814, 0.01000947318971157, -0.01088749710470438, -0.01484914030879736, -0.002351348055526614, 0.007958408445119858, -0.0027148500084877014, 0.01336703635752201, 0.002008918672800064, 0.027000991627573967, -0.01838933303952217, 0.021606413647532463, -0.0022038400638848543, 0.014441737905144691, 0.020861849188804626, -0.00385276903398335, 0.023264121264219284, 0.014905334450304508, -0.03076595813035965, -0.019105801358819008, -0.01904960721731186, 0.01504581794142723, -0.006177776493132114, 0.0036736521869897842, 0.011835762299597263, -0.001963261514902115, -0.014652463607490063, 0.02632666938006878, 0.01906365528702736, 0.02230883203446865, 0.018164558336138725, -0.021634509786963463, -0.009012037888169289, 0.010178053751587868, 0.014722704887390137, -0.00486776465550065, 0.01197624672204256, 0.013563713990151882, 0.013472398743033409, 0.004151297267526388, 0.02129734866321087, 0.006300699897110462, 0.018768640235066414, -0.01452602818608284, 0.021016379818320274, -0.0026533883064985275, 0.005984610877931118, 0.011603964492678642, 0.02860250696539879, 0.016577091068029404, -0.0020036506466567516, 0.0010404583299532533, 0.022168347612023354, -0.018656251952052116, 0.004347974434494972, -0.01727951131761074, -0.04020647332072258, -0.005085514392703772, -0.020580880343914032, 0.028827281668782234, -0.007220868952572346, -0.009201690554618835, 0.011934101581573486, 0.014034334570169449, 0.013493471778929234, 0.026663830503821373, -0.010353658348321915, -0.01229935884475708, 0.01227126270532608, 0.002461979165673256, 0.010564384050667286, 0.010220198892056942, 0.003982716705650091, 0.023643428459763527, 0.03250795975327492, 0.020861849188804626, 0.0008196353446692228, 0.014139696955680847, -0.0007309549255296588, -0.0005764227244071662, 0.02910824865102768, -0.008906674571335316, -0.010501165874302387, -0.003371611936017871, -0.0030309385620057583, -0.015439173206686974, -0.0019211163744330406, -0.020426347851753235, 0.13598833978176117, 0.020342057570815086, -0.01455412432551384, 0.01395706832408905, 0.012453891336917877, 0.022730283439159393, 0.007006630767136812, 0.00863975565880537, -0.026396911591291428, -0.021620461717247963, -0.007761731743812561, -0.03669437766075134, 0.003153861965984106, -0.017546430230140686, -0.040571730583906174, 0.007831973023712635, 0.004938006401062012, 0.00951777957379818, 0.018600059673190117, -4.497128975344822e-05, 0.005517502315342426, -0.006788881029933691, -0.01317035872489214, -0.001984334085136652, -0.029894959181547165, -0.019274381920695305, 0.03141218423843384, 0.005513990297913551, -0.008695948868989944, -0.00922276359051466, -0.009911133907735348, -0.01792573742568493, -0.0097495773807168, -0.007881143130362034, 0.011119294911623001, -0.03953215107321739, -0.026031654328107834, -0.021086622029542923, 0.004003789275884628, 0.009342174977064133, 0.0037193093448877335, 0.018923170864582062, -0.028040573000907898, -0.021676653996109962, 0.04102127626538277, -0.010199125856161118, -0.013795511797070503, -0.014764850027859211, -0.024753250181674957]
Optimal k according to elbow method: 2. Please also see 'elbow_method.png' for plot.
Optimal k according to silhouette method: 7
